-2	0.473038257222377	0.006188399711511	-2	0.471770371933844	0.004962885513487	-2	0.467834342827032	0.005255477386192	-2	0.472053870698418	0.00438156294808	-1.6	0.966854860650957	0.014804749892622	-2	0.47259040363565	0.004199505429581	-1.6	0.991373108738068	0.013199375561624	-1.6	0.982862991238237	0.013148000420474	-1.6	1.00196967365503	0.011079069023128	-1.6	0.978631086739863	0.012271082127096
-1.98232323232323	0.476890408291135	0.007766593218989	-1.98232323232323	0.48242594182725	0.003304441131867	-1.98232323232323	0.485917043028933	0.005018716586355	-1.98214285714286	0.475083452394622	0.004134382133967	-1.59191919191919	1.02176508622076	0.020887904766134	-1.98232323232323	0.47598627800135	0.00490550935526	-1.59191919191919	1.01621677504396	0.016739435045446	-1.59191919191919	1.02070411272092	0.015168669837279	-1.59191919191919	1.02584849185452	0.017391563853257	-1.59191919191919	1.02675143650465	0.016949786253755
-1.96464646464646	0.493916675299631	0.005113396351223	-1.96464646464646	0.484845252444668	0.006570914887894	-1.96464646464646	0.489466798081258	0.005375314314914	-1.96428571428571	0.49103874435568	0.004321496629746	-1.58383838383838	1.04950569126681	0.012074260510016	-1.96464646464646	0.485846110575664	0.005372228875991	-1.58383838383838	1.04748585184058	0.017294737036352	-1.58383838383838	1.05031908229789	0.013940294702396	-1.58383838383838	1.04431555947883	0.018282565907208	-1.58383838383838	1.01891421525398	0.017613735010065
-1.9469696969697	0.506950643450557	0.004147405711268	-1.9469696969697	0.494833214402038	0.004765677596001	-1.9469696969697	0.501613770598429	0.005401760528977	-1.94642857142857	0.497736384842226	0.00910845073788	-1.57575757575758	1.0731767087974	0.012505953340621	-1.9469696969697	0.495764378556778	0.004766132221763	-1.57575757575758	1.07959917764835	0.016536222388015	-1.57575757575758	1.05761822302554	0.015351787996414	-1.57575757575758	1.08696394250497	0.021327311118748	-1.57575757575758	1.0656816108185	0.017054629297712
-1.92929292929293	0.50180121900532	0.003845540932571	-1.92929292929293	0.50658005527873	0.005762624756757	-1.92929292929293	0.51965780316147	0.00546557308939	-1.92857142857143	0.516191204444557	0.004737657656135	-1.56767676767677	1.10425071485392	0.011405115094542	-1.92929292929293	0.518914174596056	0.006002954181457	-1.56767676767677	1.08106170231309	0.016783065976513	-1.56767676767677	1.07959944340985	0.013188896984615	-1.56767676767677	1.0939083316306	0.015626804617662	-1.56767676767677	1.10482957619527	0.016310330897854
-1.91161616161616	0.525475408066776	0.005177968481441	-1.91161616161616	0.529266407854232	0.006932718977727	-1.91161616161616	0.519052209517042	0.006006980228948	-1.91071428571429	0.535651896025175	0.00492445455045	-1.55959595959596	1.11480860374333	0.015981611446669	-1.91161616161616	0.528898013976426	0.005456310852224	-1.55959595959596	1.11896022992671	0.020661645359771	-1.55959595959596	1.1428127168065	0.02396009642781	-1.55959595959596	1.10894075078655	0.016474943013655	-1.55959595959596	1.1037729260248	0.01475515982088
-1.89393939393939	0.540619110543709	0.008405133858834	-1.89393939393939	0.533436408442426	0.006289749240422	-1.89393939393939	0.543492567520527	0.006466265724296	-1.89285714285714	0.535690475092441	0.008012510402786	-1.55151515151515	1.13239049070368	0.014507769184516	-1.89393939393939	0.538137842402482	0.005921802558513	-1.55151515151515	1.14386249443337	0.016404286706293	-1.55151515151515	1.15645827760085	0.015518907413202	-1.55151515151515	1.17462312776437	0.013636482403035	-1.55151515151515	1.15841316024082	0.017510057588246
-1.87626262626263	0.553921265661812	0.007228353570907	-1.87626262626263	0.555502195708003	0.004452145555197	-1.87626262626263	0.555114942170983	0.005097311547549	-1.875	0.550984875458385	0.00633401629175	-1.54343434343434	1.19820769431209	0.018357649361859	-1.87626262626263	0.556715876470819	0.005325232169136	-1.54343434343434	1.22378011305227	0.019663952322904	-1.54343434343434	1.17036760721402	0.036057116758351	-1.54343434343434	1.19776048505219	0.012843536241314	-1.54343434343434	1.19406337544569	0.019377570682307
-1.85858585858586	0.573678986357891	0.007091756344663	-1.85858585858586	0.573034182162044	0.007736981645991	-1.85858585858586	0.56629726262671	0.008996418834163	-1.85714285714286	0.562571215350198	0.005848453322969	-1.53535353535354	1.23503534104338	0.017598503735254	-1.85858585858586	0.563592502531723	0.005689170822972	-1.53535353535354	1.23203303734304	0.01781296361402	-1.53535353535354	1.23971239290272	0.016101672839577	-1.53535353535354	1.21831461245842	0.015157362755887	-1.53535353535354	1.22745209912513	0.020217382565367
-1.84090909090909	0.583700491422443	0.00467134749591	-1.84090909090909	0.584962308997955	0.006798104826829	-1.84090909090909	0.584305296062306	0.004985087921918	-1.83928571428571	0.590822161520476	0.00450650145282	-1.52727272727273	1.27235069808152	0.021915084389251	-1.84090909090909	0.587411678673593	0.006126818144608	-1.52727272727273	1.262429894461	0.014816941735914	-1.52727272727273	1.30833857833932	0.025737361690631	-1.52727272727273	1.2609448740006	0.017236610099088	-1.52727272727273	1.27411778671381	0.01745661860316
-1.82323232323232	0.608488120625729	0.006918669055113	-1.82323232323232	0.602815459675388	0.006032735876641	-1.82323232323232	0.605547070386253	0.003990867800652	-1.82142857142857	0.59635897875425	0.006893616515557	-1.51919191919192	1.32842002506207	0.016122541249284	-1.82323232323232	0.598684203199785	0.008829663886069	-1.51919191919192	1.31239253378249	0.023478569669737	-1.51919191919192	1.29932069686245	0.016696053079566	-1.51919191919192	1.29032852832116	0.01517699072114	-1.51919191919192	1.31011414892809	0.013670254839031
-1.80555555555556	0.621010143156346	0.005364592884482	-1.80555555555556	0.614943588859535	0.006163017094793	-1.80555555555556	0.627482744943013	0.004235276675092	-1.80357142857143	0.61834355005042	0.005352713168664	-1.51111111111111	1.33138232009454	0.020173124985261	-1.80555555555556	0.617374337234877	0.008956139187144	-1.51111111111111	1.31857915673755	0.028176969033087	-1.51111111111111	1.3594176287549	0.018483081214614	-1.51111111111111	1.33237636882938	0.027062822214259	-1.51111111111111	1.39977329071844	0.022459846061048
-1.78787878787879	0.631572278130669	0.009405436393262	-1.78787878787879	0.64118903253071	0.010407474486794	-1.78787878787879	0.634444957301618	0.010141940262482	-1.78571428571429	0.648793640059599	0.007638341152275	-1.5030303030303	1.38932522159739	0.019560914967013	-1.78787878787879	0.648235438945475	0.009340052074852	-1.5030303030303	1.39322911811792	0.021309872648071	-1.5030303030303	1.40362824135376	0.021759787093358	-1.5030303030303	1.42734370291411	0.02182194358669	-1.5030303030303	1.39469192219195	0.019401066064603
-1.77020202020202	0.649545234041015	0.009154895084127	-1.77020202020202	0.669038357219053	0.006606552192455	-1.77020202020202	0.67257480552389	0.004820633903482	-1.76785714285714	0.664185414188732	0.007841509267385	-1.4949494949495	1.45255131630158	0.03646849184544	-1.77020202020202	0.659642381005409	0.004900955864494	-1.4949494949495	1.47466358787806	0.026478982278206	-1.4949494949495	1.45791917812724	0.024648629386802	-1.4949494949495	1.41352798764981	0.023013287918277	-1.4949494949495	1.43883678017537	0.022660407838331
-1.75252525252525	0.687215505316872	0.009058469087195	-1.75252525252525	0.682111881297415	0.010744340807067	-1.75252525252525	0.669765842959054	0.008059553742238	-1.75	0.682778796718567	0.006191186966012	-1.48686868686869	1.47271487616409	0.027678809069781	-1.75252525252525	0.679615450521262	0.008713136690538	-1.48686868686869	1.47219138689291	0.022701165595495	-1.48686868686869	1.48232714165508	0.017324748352322	-1.48686868686869	1.51724428593332	0.026302621553272	-1.48686868686869	1.46822324626454	0.022121469361835
-1.73484848484848	0.699242441231014	0.007291678088087	-1.73484848484848	0.701636557985624	0.008101959990278	-1.73484848484848	0.707202588835164	0.008561674128465	-1.73214285714286	0.713094913729548	0.009416507128426	-1.47878787878788	1.53779345874004	0.020134993063234	-1.73484848484848	0.713940549373109	0.008075877838646	-1.47878787878788	1.53241352429649	0.03214926654417	-1.47878787878788	1.52964986699497	0.02156894709229	-1.47878787878788	1.54279521507014	0.020465507264743	-1.47878787878788	1.57035866710936	0.023857933275071
-1.71717171717172	0.733811240549149	0.006814118108674	-1.71717171717172	0.730765239657234	0.009231617998005	-1.71717171717172	0.727936669834717	0.007126733619907	-1.71428571428571	0.732721858685977	0.007758633674501	-1.47070707070707	1.5829491399611	0.028783854737869	-1.71717171717172	0.729485829314879	0.011808289394286	-1.47070707070707	1.62222676416404	0.023824055435849	-1.47070707070707	1.63089748973402	0.025888945066247	-1.47070707070707	1.55048089241738	0.023828144736971	-1.47070707070707	1.59292061062983	0.027395661831349
-1.69949494949495	0.743115004543429	0.009760194617318	-1.69949494949495	0.763598057675792	0.007573322237747	-1.69949494949495	0.769067834656104	0.008923175266108	-1.69642857142857	0.768014795324857	0.008720861882882	-1.46262626262626	1.64245890579548	0.020035277395586	-1.69949494949495	0.759587854338266	0.010005574165786	-1.46262626262626	1.63779523716899	0.022842032885965	-1.46262626262626	1.6641502156136	0.0348498058442	-1.46262626262626	1.62944322499655	0.028813847861535	-1.46262626262626	1.6406280350528	0.027682510759048
-1.68181818181818	0.813239092334624	0.010614776524327	-1.68181818181818	0.78972942328215	0.012189028048521	-1.68181818181818	0.786022957281544	0.008105306071508	-1.67857142857143	0.790860989231894	0.009158740616346	-1.45454545454545	1.72831780734541	0.034802417383526	-1.68181818181818	0.77277687838147	0.00657170804089	-1.45454545454545	1.70902151083128	0.031276588800718	-1.45454545454545	1.68543010284364	0.022343746062096	-1.45454545454545	1.69418794785253	0.032221105996076	-1.45454545454545	1.68791598149729	0.030161879736877
-1.66414141414141	0.840010932228564	0.014728056608492	-1.66414141414141	0.832358861667365	0.014559497957572	-1.66414141414141	0.819382394198169	0.010957154684952	-1.66071428571429	0.832953909496952	0.011607605604384	-1.44646464646465	1.79511755250737	0.03420805721251	-1.66414141414141	0.837652359828321	0.01059272444547	-1.44646464646465	1.75113398916502	0.023605412564226	-1.44646464646465	1.76670375406777	0.035042336588966	-1.44646464646465	1.77800913555893	0.02118476114205	-1.44646464646465	1.77805746681537	0.030763955096846
-1.64646464646465	0.880484681446365	0.020817570792367	-1.64646464646465	0.881479346841585	0.011153789613359	-1.64646464646465	0.86090760270782	0.010979507483326	-1.64285714285714	0.868531007856922	0.00696680229282	-1.43838383838384	1.87181722494334	0.036366597467512	-1.64646464646465	0.871258795466708	0.011142628084874	-1.43838383838384	1.83813059645533	0.043236062934048	-1.43838383838384	1.83759175234864	0.024622988467322	-1.43838383838384	1.80735879802551	0.030660645754159	-1.43838383838384	1.8382258992606	0.021592697952074
-1.62878787878788	0.920594860504749	0.01368673062054	-1.62878787878788	0.896466803008747	0.009197639717761	-1.62878787878788	0.886383390610752	0.01302022330747	-1.625	0.927720040258992	0.011879439774945	-1.43030303030303	1.89972621084006	0.02427259109808	-1.62878787878788	0.906025493130377	0.010355619003777	-1.43030303030303	1.90584329114469	0.027770006183536	-1.43030303030303	1.90909069156506	0.02969026002707	-1.43030303030303	1.89095239071593	0.023937426990944	-1.43030303030303	1.90581301612963	0.045597196678624
-1.61111111111111	0.95731020995503	0.014458581986421	-1.61111111111111	0.939585830762834	0.011046858226769	-1.61111111111111	0.950762691046603	0.013678132368909	-1.60714285714286	0.959702990423725	0.015467772357054	-1.42222222222222	1.96481000785338	0.049352423135307	-1.61111111111111	0.942047183063973	0.011231735342959	-1.42222222222222	1.91758867825693	0.023647342922746	-1.42222222222222	1.96446240036298	0.023928251650016	-1.42222222222222	1.98955496270423	0.018442193781247	-1.42222222222222	1.95447263326452	0.024979930055455
-1.59343434343434	0.991469665961175	0.01717358368684	-1.59343434343434	1.02795435199698	0.010841689162576	-1.59343434343434	1.01262106125657	0.013545482046656	-1.58928571428571	1.02646373934328	0.011782958039645	-1.41414141414141	2.01413086967611	0.024226621905319	-1.59343434343434	0.991379414622276	0.019446090273537	-1.41414141414141	2.01198042798764	0.023041450064182	-1.41414141414141	2.02764139254145	0.045596236813195	-1.41414141414141	2.08809658186472	0.03165301682999	-1.41414141414141	2.06573293740846	0.03237343293533
-1.57575757575758	1.04995430886997	0.01099877226197	-1.57575757575758	1.07688286127784	0.014501876221463	-1.57575757575758	1.07729008940391	0.015762781785078	-1.57142857142857	1.08730012051395	0.013754283309337	-1.40606060606061	2.11151262547184	0.016679675039192	-1.57575757575758	1.085835337171	0.017410994304327	-1.40606060606061	2.07760896717776	0.053683875102798	-1.40606060606061	2.06862985708607	0.033337525080526	-1.40606060606061	2.11035723548241	0.030436575009401	-1.40606060606061	2.15732561291035	0.027223391419395
-1.55808080808081	1.14014489960228	0.016623249571929	-1.55808080808081	1.1158846250362	0.018819557868037	-1.55808080808081	1.11087155123613	0.013444846810734	-1.55357142857143	1.14599370879271	0.01451777261447	-1.3979797979798	2.17986079620108	0.033610370431026	-1.55808080808081	1.13024304557342	0.024573776873804	-1.3979797979798	2.17220199877799	0.02779351226641	-1.3979797979798	2.1108788729288	0.039505416014484	-1.3979797979798	2.16310400104181	0.029434045843758	-1.3979797979798	2.13336459440734	0.02764770861023
-1.54040404040404	1.22898603521126	0.016001601168264	-1.54040404040404	1.2152469562916	0.022624706239948	-1.54040404040404	1.2018420679031	0.016025962630798	-1.53571428571429	1.2097891236325	0.027986751479299	-1.38989898989899	2.2441127737346	0.036905513997096	-1.54040404040404	1.20701368557138	0.0187155675371	-1.38989898989899	2.22380164746576	0.035662062490921	-1.38989898989899	2.26757033844561	0.022276291772397	-1.38989898989899	2.28531039301698	0.02496586276768	-1.38989898989899	2.24054743255053	0.026240654348484
-1.52272727272727	1.30069179104599	0.020495055471601	-1.52272727272727	1.28237577883662	0.019464794791698	-1.52272727272727	1.28635783936644	0.016477340878416	-1.51785714285714	1.3318804110343	0.019672311379646	-1.38181818181818	2.33484107702985	0.039078893649017	-1.52272727272727	1.2691776459948	0.017541279949304	-1.38181818181818	2.30255221873379	0.03438151142935	-1.38181818181818	2.38175805220261	0.027001509714624	-1.38181818181818	2.33746133471529	0.033824004572047	-1.38181818181818	2.30989703431795	0.030232897117489
-1.50505050505051	1.36254767885273	0.02939493148592	-1.50505050505051	1.36366460866273	0.015384974927429	-1.50505050505051	1.39192554213683	0.017741608924832	-1.5	1.43414698565072	0.02375845291115	-1.37373737373737	2.36471243692556	0.039034769431234	-1.50505050505051	1.39890142768061	0.021183709726317	-1.37373737373737	2.33787097519686	0.033482609573531	-1.37373737373737	2.4063909138526	0.030819180582005	-1.37373737373737	2.34009348750415	0.031831108124808	-1.37373737373737	2.37737295472293	0.037911120209495
-1.48737373737374	1.48816587541255	0.022846917616188	-1.48737373737374	1.49395172451979	0.021851752615733	-1.48737373737374	1.48402143259261	0.02951454923786	-1.48214285714286	1.52734452829939	0.017492529286616	-1.36565656565657	2.52920006543443	0.030698864742812	-1.48737373737374	1.47350160740952	0.021500927064408	-1.36565656565657	2.42239926973319	0.022542862973556	-1.36565656565657	2.44799891363419	0.028077653579365	-1.36565656565657	2.51586976836454	0.029455093522184	-1.36565656565657	2.51003676082836	0.027061152972792
-1.46969696969697	1.58227844134075	0.036957147308862	-1.46969696969697	1.61700148079912	0.023398961052264	-1.46969696969697	1.58855034557479	0.021874234326266	-1.46428571428571	1.62148931630399	0.030068450923112	-1.35757575757576	2.59543620019288	0.025080854716976	-1.46969696969697	1.60540800278003	0.021447383917224	-1.35757575757576	2.51398980961629	0.030735129046647	-1.35757575757576	2.51186392957718	0.029204818090706	-1.35757575757576	2.55461138073308	0.024571301366727	-1.35757575757576	2.50986044466809	0.028470074412437
-1.4520202020202	1.68146872881448	0.025460758029115	-1.4520202020202	1.70779585162963	0.025231614322781	-1.4520202020202	1.74434586838624	0.030875018789916	-1.44642857142857	1.80824684908956	0.023665789689662	-1.34949494949495	2.63322800850871	0.035695884172491	-1.4520202020202	1.69889315494076	0.022352317638513	-1.34949494949495	2.64926657865604	0.033065073060759	-1.34949494949495	2.65194239621511	0.030082271311835	-1.34949494949495	2.65542866691373	0.035352794200712	-1.34949494949495	2.59497736257473	0.037959743245132
-1.43434343434343	1.88092545819758	0.026587956870928	-1.43434343434343	1.83691629735251	0.032527530226129	-1.43434343434343	1.84945668062882	0.023529182800577	-1.42857142857143	1.89758637257168	0.026419887742702	-1.34141414141414	2.66816592404854	0.032772083671144	-1.43434343434343	1.88319476325808	0.023381728743598	-1.34141414141414	2.70511938378828	0.030923441221291	-1.34141414141414	2.68783447273634	0.036912682220871	-1.34141414141414	2.65831399285797	0.025598588361449	-1.34141414141414	2.70691497556771	0.032914047828814
-1.41666666666667	1.99024412330114	0.037042477498027	-1.41666666666667	1.99156586665039	0.035208135865147	-1.41666666666667	2.03268608643264	0.028985204703241	-1.41071428571429	2.04582113178266	0.030134806829426	-1.33333333333333	2.73629460336333	0.030631125215686	-1.41666666666667	2.01294366755622	0.02321298584207	-1.33333333333333	2.80022826809238	0.04693308852019	-1.33333333333333	2.77397729632125	0.030262383306146	-1.33333333333333	2.77841538743601	0.033059355534347	-1.33333333333333	2.70141971146199	0.034333778874832
-1.3989898989899	2.15681862180037	0.0276088802426	-1.3989898989899	2.1398559414649	0.031440457560157	-1.3989898989899	2.20253986177388	0.031563191402694	-1.39285714285714	2.25778889552677	0.029739386715938	-1.32525252525253	2.81948821330039	0.040723392157536	-1.3989898989899	2.15827913389389	0.02253360344248	-1.32525252525253	2.85012068935088	0.02301184297991	-1.32525252525253	2.83562682163564	0.031514164081105	-1.32525252525253	2.84113263198432	0.026928948483587	-1.32525252525253	2.83054367716895	0.035445396687216
-1.38131313131313	2.3371799245596	0.041980634222055	-1.38131313131313	2.33504358134787	0.025320715366811	-1.38131313131313	2.38146969926296	0.032844588326031	-1.375	2.3913763221823	0.027216327760803	-1.31717171717172	2.9204718490122	0.022782428929509	-1.38131313131313	2.33545909063463	0.034247667879245	-1.31717171717172	2.91321943553272	0.028816741321015	-1.31717171717172	2.91452008024086	0.035714875139603	-1.31717171717172	2.93424065228994	0.02938117145047	-1.31717171717172	2.884660826745	0.0291420427541
-1.36363636363636	2.50242335769324	0.029539140450786	-1.36363636363636	2.48612373434462	0.030542886773013	-1.36363636363636	2.48530498262321	0.03344448072875	-1.35714285714286	2.58883406849309	0.041533724676548	-1.30909090909091	2.99540526705274	0.032847239437714	-1.36363636363636	2.50436287540529	0.041320276817044	-1.30909090909091	2.9191816031566	0.039235255856729	-1.30909090909091	2.93115208425963	0.036100733573992	-1.30909090909091	2.96304761346568	0.04506905275848	-1.30909090909091	2.97096949940051	0.027435423105613
-1.3459595959596	2.67720481924296	0.027930693481467	-1.3459595959596	2.62304278535901	0.029499882432166	-1.3459595959596	2.65017951864597	0.025992068798496	-1.33928571428571	2.66831118962599	0.02738851681756	-1.3010101010101	3.06661718660158	0.032464045406495	-1.3459595959596	2.65403795830902	0.042790618887362	-1.3010101010101	3.08268468173938	0.04040060421172	-1.3010101010101	3.03509457257582	0.023471927519564	-1.3010101010101	3.0840515081112	0.023085114241708	-1.3010101010101	3.03351138649523	0.043827333848229
-1.32828282828283	2.82763542944513	0.048357864424939	-1.32828282828283	2.80985566995667	0.033209791804249	-1.32828282828283	2.78213251468261	0.04058749724395	-1.32142857142857	2.88864439882596	0.023543235114011	-1.29292929292929	3.1183986674398	0.038176971225724	-1.32828282828283	2.81848719682818	0.032103470062578	-1.29292929292929	3.13869334334969	0.039751053217381	-1.29292929292929	3.20777168323836	0.028031014174724	-1.29292929292929	3.12090945053974	0.028320340649153	-1.29292929292929	3.08577930858623	0.020478023630481
-1.31060606060606	2.94467816261695	0.027421983876035	-1.31060606060606	3.01907923566463	0.026762349346297	-1.31060606060606	2.99827867391609	0.028480592338154	-1.30357142857143	3.06050496815742	0.047427445126421	-1.28484848484849	3.27286391270743	0.029266668069031	-1.31060606060606	2.99792971303555	0.024787405628137	-1.28484848484849	3.13126332357273	0.028899148980831	-1.28484848484849	3.13153153948701	0.031938167165254	-1.28484848484849	3.18239015156578	0.027017966132985	-1.28484848484849	3.16873321551166	0.024760520565564
-1.29292929292929	3.11158350812898	0.045733943969665	-1.29292929292929	3.07812622774247	0.028431568118165	-1.29292929292929	3.10093731683199	0.039051316526786	-1.28571428571429	3.17398237104269	0.026748040512958	-1.27676767676768	3.21322368063926	0.046994344317178	-1.29292929292929	3.11448107839221	0.021809932893309	-1.27676767676768	3.21399598140587	0.043368256703629	-1.27676767676768	3.20870197062724	0.031811442169165	-1.27676767676768	3.20411250379472	0.032163514662747	-1.27676767676768	3.24594411634176	0.036229934082604
-1.27525252525253	3.21906990946245	0.034318115202765	-1.27525252525253	3.29638640738026	0.037964452216647	-1.27525252525253	3.27017942368576	0.039615376261739	-1.26785714285714	3.33937595002266	0.032500496723881	-1.26868686868687	3.23921335472974	0.044167945147353	-1.27525252525253	3.25428519123121	0.031650504428878	-1.26868686868687	3.31653116245288	0.02811640796562	-1.26868686868687	3.25382086094454	0.029840275295918	-1.26868686868687	3.25352620491255	0.031656786322477	-1.26868686868687	3.29222450706354	0.032286467170547
-1.25757575757576	3.34231858567384	0.051207353199394	-1.25757575757576	3.38028267269368	0.024039866888196	-1.25757575757576	3.29716041010619	0.025535209406319	-1.25	3.41489283977325	0.036696924086651	-1.26060606060606	3.29998452744186	0.04107259002334	-1.25757575757576	3.34133740950781	0.026002811741708	-1.26060606060606	3.34091884107003	0.031597872892413	-1.26060606060606	3.29812688618004	0.034908530457438	-1.26060606060606	3.26125742469176	0.027318515100888	-1.26060606060606	3.34090993368883	0.043715663356105
-1.23989898989899	3.42934713606452	0.025239911644119	-1.23989898989899	3.43684725710736	0.020580462145737	-1.23989898989899	3.39729180455903	0.03578058075818	-1.23214285714286	3.43094686652868	0.03309623231754	-1.25252525252525	3.39462425493986	0.028942330756266	-1.23989898989899	3.37349482615631	0.025201758569104	-1.25252525252525	3.34455660838693	0.037460207514005	-1.25252525252525	3.37147091566168	0.029983636055525	-1.25252525252525	3.37121294494789	0.027111052074438	-1.25252525252525	3.38631224308914	0.021725989856027
-1.22222222222222	3.44307737803371	0.027461021279066	-1.22222222222222	3.52247302632884	0.035681060531629	-1.22222222222222	3.43916728988633	0.025862782145324	-1.21428571428571	3.50573981454516	0.020706233984515	-1.24444444444444	3.3525952422147	0.029547318924981	-1.22222222222222	3.48432536598772	0.045848680875019	-1.24444444444444	3.40940453190807	0.033683748889707	-1.24444444444444	3.41243817383688	0.023983521005975	-1.24444444444444	3.40760979749462	0.026835058166304	-1.24444444444444	3.41093598992207	0.033572964826341
-1.20454545454545	3.52807418270254	0.029920761005067	-1.20454545454545	3.50749551470932	0.020840272956225	-1.20454545454545	3.58440522881156	0.024027781648916	-1.19642857142857	3.53912772816688	0.022011468240402	-1.23636363636364	3.45063172937618	0.034930843351502	-1.20454545454545	3.5640656585182	0.030280443708109	-1.23636363636364	3.44056352609715	0.030416423218049	-1.23636363636364	3.41109571519038	0.038523219029497	-1.23636363636364	3.43437493722496	0.040738789995564	-1.23636363636364	3.43541817393902	0.037856857930796
-1.18686868686869	3.53809090773331	0.019712909735676	-1.18686868686869	3.52586207213562	0.021477296975712	-1.18686868686869	3.5445066944959	0.03441298629937	-1.17857142857143	3.55290558963138	0.034130077472944	-1.22828282828283	3.47296424906408	0.025031542022281	-1.18686868686869	3.5277778194035	0.022262087496606	-1.22828282828283	3.46602077011422	0.029035532326422	-1.22828282828283	3.51464680722142	0.033480684223649	-1.22828282828283	3.47968338171641	0.031314472487034	-1.22828282828283	3.49495707163638	0.027338589436894
-1.16919191919192	3.56941620834222	0.028962747663924	-1.16919191919192	3.52726064134503	0.023715381220112	-1.16919191919192	3.54696250619091	0.023152626312936	-1.16071428571429	3.5210647803681	0.031848198790756	-1.22020202020202	3.48709745542488	0.022100712796752	-1.16919191919192	3.54469123616257	0.024115122932322	-1.22020202020202	3.5274113962537	0.030938323615915	-1.22020202020202	3.4982224081243	0.022373413537285	-1.22020202020202	3.51181822783436	0.026779643428772	-1.22020202020202	3.51684126316798	0.051060583299989
-1.15151515151515	3.46486356182577	0.035471540826135	-1.15151515151515	3.52898834999558	0.021456083475591	-1.15151515151515	3.47967988266192	0.018558518847847	-1.14285714285714	3.49763978316885	0.023537249716196	-1.21212121212121	3.54718280349576	0.031311385489778	-1.15151515151515	3.52801610301576	0.023928938565318	-1.21212121212121	3.52549100218206	0.027663231879989	-1.21212121212121	3.51740445801017	0.029555907417636	-1.21212121212121	3.53599322002476	0.029964858774782	-1.21212121212121	3.52893118609051	0.023020043550688
-1.13383838383838	3.46612671577592	0.027196350260685	-1.13383838383838	3.45501654531492	0.028308538608741	-1.13383838383838	3.45866272773739	0.030801427001896	-1.125	3.39519223231659	0.015454967280769	-1.2040404040404	3.54728093649869	0.02712511988394	-1.13383838383838	3.46036273296338	0.025009289251163	-1.2040404040404	3.51149889875906	0.015828201179093	-1.2040404040404	3.53015607433553	0.029125573439668	-1.2040404040404	3.50081678504807	0.031997449300489	-1.2040404040404	3.5448662190473	0.032325682736419
-1.11616161616162	3.42703425100334	0.023657586283347	-1.11616161616162	3.39621051050008	0.016079723064496	-1.11616161616162	3.38166967084891	0.034601983784673	-1.10714285714286	3.36186297830213	0.023464767588464	-1.1959595959596	3.55290110908327	0.026829988623913	-1.11616161616162	3.38642167811687	0.024999792600844	-1.1959595959596	3.50188519031324	0.022351380915582	-1.1959595959596	3.54241744860694	0.022445936815549	-1.1959595959596	3.55250569223469	0.033491388767791	-1.1959595959596	3.50611535994102	0.019331271731021
-1.09848484848485	3.30742521946917	0.043792925778904	-1.09848484848485	3.26054152973994	0.025027128054564	-1.09848484848485	3.3111972853976	0.015030997614719	-1.08928571428571	3.2582146243738	0.028101612035972	-1.18787878787879	3.5179039589415	0.025066168825262	-1.09848484848485	3.35068851412955	0.013953010975205	-1.18787878787879	3.51877275160737	0.024990041558933	-1.18787878787879	3.53381756995461	0.023288120329706	-1.18787878787879	3.52417800881447	0.026823399740485	-1.18787878787879	3.5637522549226	0.038018185631398
-1.08080808080808	3.18254006725362	0.017460320507417	-1.08080808080808	3.22531858863662	0.021292481527669	-1.08080808080808	3.21894653542888	0.030609853652614	-1.07142857142857	3.14881852216154	0.025618253937223	-1.17979797979798	3.55815003896936	0.03001963592593	-1.08080808080808	3.19926204714166	0.028531741568878	-1.17979797979798	3.51513602230106	0.022081858704132	-1.17979797979798	3.55310970779008	0.025925127936585	-1.17979797979798	3.55119546717162	0.032209636432157	-1.17979797979798	3.5785104311545	0.02611680876873
-1.06313131313131	3.10599925296953	0.020009512260646	-1.06313131313131	3.1085196372065	0.024620741946567	-1.06313131313131	3.13625343467824	0.025333569343532	-1.05357142857143	3.05118118393587	0.030610992497349	-1.17171717171717	3.53274626499229	0.032385180818381	-1.06313131313131	3.0774702990639	0.019447228920905	-1.17171717171717	3.55376912302041	0.024733542034712	-1.17171717171717	3.54534123941153	0.042123133989698	-1.17171717171717	3.51994196413575	0.053723422022503	-1.17171717171717	3.52177729068202	0.027424520918322
-1.04545454545455	2.98183245278819	0.020049646634806	-1.04545454545455	2.98189464658477	0.015513054016813	-1.04545454545455	3.01794429393254	0.032738726094305	-1.03571428571429	2.93803112275934	0.019525441066495	-1.16363636363636	3.50292908299198	0.029918816772177	-1.04545454545455	3.05377822409814	0.022712520415782	-1.16363636363636	3.53280271677338	0.026960326706717	-1.16363636363636	3.53894201544178	0.021049589170312	-1.16363636363636	3.54585176896418	0.019254539412498	-1.16363636363636	3.49934622379733	0.036071844443918
-1.02777777777778	2.89425357413884	0.019338182586575	-1.02777777777778	2.91618454313718	0.013831063912383	-1.02777777777778	2.87953365560505	0.017676128101662	-1.01785714285714	2.88515798399705	0.021328919330447	-1.15555555555556	3.46495503886837	0.025172453618396	-1.02777777777778	2.92362521780776	0.013454200891638	-1.15555555555556	3.48432836512843	0.030691193855517	-1.15555555555556	3.50123132331444	0.0201817776448	-1.15555555555556	3.51627780371269	0.029017790802432	-1.15555555555556	3.52575563169251	0.023746857786846
-1.01010101010101	2.78413844144122	0.028140662514265	-1.01010101010101	2.80354035688891	0.022232663215408	-1.01010101010101	2.823407626016	0.024570158669498	-1	2.73237679625114	0.021627846711089	-1.14747474747475	3.50263804094297	0.014659334571817	-1.01010101010101	2.80878880060952	0.031550720922188	-1.14747474747475	3.47841257325752	0.025646813066359	-1.14747474747475	3.437675252971	0.021844238411819	-1.14747474747475	3.50831536945534	0.021202906010166	-1.14747474747475	3.49650550957661	0.027618705740402
-0.992424242424242	2.68016930437611	0.02448278413259	-0.992424242424242	2.66308851596236	0.017870846943213	-0.992424242424242	2.6967707590396	0.029522419726338	-0.982142857142857	2.62721134928883	0.015221615903136	-1.13939393939394	3.47798861967567	0.023322638019029	-0.992424242424242	2.70734458219593	0.026520845233929	-1.13939393939394	3.47758510813146	0.023422316834894	-1.13939393939394	3.47382133835584	0.018617156085039	-1.13939393939394	3.46749366680656	0.038432175965127	-1.13939393939394	3.45788506848659	0.029911401742584
-0.974747474747475	2.56002847227151	0.02684942126288	-0.974747474747475	2.57377578271044	0.012718492328572	-0.974747474747475	2.57594296532881	0.015106411054543	-0.964285714285714	2.49841163661374	0.016044421962198	-1.13131313131313	3.45356215443692	0.02712267589572	-0.974747474747475	2.58813751012886	0.016310735595625	-1.13131313131313	3.43067624947373	0.02156121905556	-1.13131313131313	3.47300449300408	0.022009367938875	-1.13131313131313	3.44099006515392	0.021928277430196	-1.13131313131313	3.44485779423017	0.021998039086569
-0.957070707070707	2.46506344344592	0.018264513587111	-0.957070707070707	2.45784243583721	0.019451950042173	-0.957070707070707	2.46864173647616	0.013505447087191	-0.946428571428571	2.43049556063129	0.017090145473629	-1.12323232323232	3.4063484847867	0.026736061986651	-0.957070707070707	2.46345439759849	0.016080039149971	-1.12323232323232	3.42557548873776	0.022258855757444	-1.12323232323232	3.42786735287271	0.0184556434599	-1.12323232323232	3.41908358442311	0.019959201967911	-1.12323232323232	3.41899813120081	0.017495473795884
-0.939393939393939	2.37690932997166	0.026564369590377	-0.939393939393939	2.38780218866781	0.023698600247974	-0.939393939393939	2.37703904146447	0.014823359642698	-0.928571428571429	2.29694751938857	0.014387768817782	-1.11515151515152	3.37569830626186	0.02106277040333	-0.939393939393939	2.37533746874577	0.013573515319457	-1.11515151515152	3.39343467784539	0.023598313423238	-1.11515151515152	3.36191970949088	0.020444541072669	-1.11515151515152	3.36549997334616	0.020674924697254	-1.11515151515152	3.37711684728411	0.028983130613985
-0.921717171717172	2.25674917186276	0.017826501290653	-0.921717171717172	2.25401522598396	0.011952711294633	-0.921717171717172	2.29023200157285	0.016537810801045	-0.910714285714286	2.22408633974979	0.016180220342697	-1.10707070707071	3.36148578366012	0.025300893646135	-0.921717171717172	2.26895176515937	0.020023930669251	-1.10707070707071	3.33852331734217	0.026513188085971	-1.10707070707071	3.36606511429025	0.02905035921036	-1.10707070707071	3.35937120653269	0.02225098258062	-1.10707070707071	3.33071946512419	0.031098076633854
-0.904040404040404	2.1635544332099	0.017163424891856	-0.904040404040404	2.17428657685515	0.01323567642069	-0.904040404040404	2.16612281195726	0.013664482546232	-0.892857142857143	2.13218928375116	0.028571699035692	-1.0989898989899	3.31591840094475	0.027073480915466	-0.904040404040404	2.19251978954276	0.021639069584795	-1.0989898989899	3.31100743367592	0.034430808872097	-1.0989898989899	3.32556987454119	0.019351518981625	-1.0989898989899	3.32134303268445	0.022127594024523	-1.0989898989899	3.32878189543243	0.020533274048267
-0.886363636363636	2.09711385427865	0.019554956549922	-0.886363636363636	2.09808533177595	0.011714721039644	-0.886363636363636	2.07376732290233	0.019457830128681	-0.875	2.02661972964534	0.020834841999145	-1.09090909090909	3.25947800487138	0.022445558395798	-0.886363636363636	2.08852661905971	0.016226391684932	-1.09090909090909	3.2967771098463	0.036761998021196	-1.09090909090909	3.26303909957558	0.023335843476445	-1.09090909090909	3.30720853755192	0.029847003766978	-1.09090909090909	3.27112772688984	0.025813164217402
-0.868686868686869	1.95107020421517	0.022622275444393	-0.868686868686869	1.99292186851403	0.013517475721181	-0.868686868686869	1.97618913742225	0.017147450307916	-0.857142857142857	1.94360479387498	0.017925595747016	-1.08282828282828	3.24833804947716	0.024899640664887	-0.868686868686869	1.97235397666587	0.017004820851351	-1.08282828282828	3.22170251192999	0.034736801965613	-1.08282828282828	3.22756402957199	0.020498092658941	-1.08282828282828	3.19650657359628	0.021212043809451	-1.08282828282828	3.2500490784334	0.023802375737503
-0.851010101010101	1.8722183560964	0.016171383414512	-0.851010101010101	1.92803943575845	0.014647094629555	-0.851010101010101	1.90511711027012	0.015239129777961	-0.839285714285714	1.84642743102541	0.013700210883488	-1.07474747474747	3.23274228847404	0.027565941268166	-0.851010101010101	1.89754600855813	0.014354347943405	-1.07474747474747	3.19384169336911	0.025667296551456	-1.07474747474747	3.21589110993842	0.02266429998667	-1.07474747474747	3.13236005189115	0.012145076754504	-1.07474747474747	3.1887182092403	0.027138674148112
-0.833333333333333	1.81605560802583	0.020967019410552	-0.833333333333333	1.79874214049545	0.01515412685869	-0.833333333333333	1.84059044652803	0.0219339216275	-0.821428571428571	1.77809098638172	0.023627106066673	-1.06666666666667	3.1437111766211	0.022522056263321	-0.833333333333333	1.81917939023346	0.016799932915192	-1.06666666666667	3.14413777160554	0.013433200079347	-1.06666666666667	3.159752662172	0.019258307240048	-1.06666666666667	3.13515214410568	0.024914421941089	-1.06666666666667	3.13939014207904	0.022729935245045
-0.815656565656566	1.7298470640713	0.011682241047846	-0.815656565656566	1.77072041446206	0.014669188923287	-0.815656565656566	1.75010346791241	0.015711126665107	-0.803571428571429	1.69112040807679	0.011674566858539	-1.05858585858586	3.0783145907285	0.022407338152488	-0.815656565656566	1.77149970676508	0.012816445476637	-1.05858585858586	3.10312872243777	0.022419379571651	-1.05858585858586	3.06975616066822	0.026748031565935	-1.05858585858586	3.10321905008168	0.024914869791722	-1.05858585858586	3.1147364592092	0.015572947359357
-0.797979797979798	1.68978793897346	0.018625397079709	-0.797979797979798	1.67794435562904	0.015163014783247	-0.797979797979798	1.67554528410417	0.011814039149759	-0.785714285714286	1.63757578508274	0.018963896272115	-1.05050505050505	3.04295005250681	0.025975075556869	-0.797979797979798	1.66760310687072	0.010117437420213	-1.05050505050505	3.03029580168095	0.025381204542762	-1.05050505050505	3.0213938726784	0.019793429177973	-1.05050505050505	3.0074229049659	0.021458076468754	-1.05050505050505	3.07280881189342	0.020805990591065
-0.78030303030303	1.61244638967666	0.011220698338235	-0.78030303030303	1.60542260104428	0.012789789746792	-0.78030303030303	1.60825215732305	0.013404292782185	-0.767857142857143	1.57859702348858	0.015043154322507	-1.04242424242424	2.98618499674243	0.018533155242321	-0.78030303030303	1.61657805180712	0.009708081925221	-1.04242424242424	2.97298683318355	0.01879928967494	-1.04242424242424	3.00371229987264	0.024333037401489	-1.04242424242424	3.00492702815932	0.033575807954376	-1.04242424242424	2.98171805182398	0.023557346899558
-0.762626262626263	1.56115914024314	0.011516234317195	-0.762626262626263	1.54061928497569	0.020069805684093	-0.762626262626263	1.54384701227001	0.015071538373088	-0.75	1.488597163444	0.015628007032166	-1.03434343434343	2.90051728870759	0.016692981945851	-0.762626262626263	1.54010700114363	0.012978813257668	-1.03434343434343	2.93355983191468	0.030029372956689	-1.03434343434343	2.95763770625745	0.033745991135197	-1.03434343434343	2.93536771916691	0.010863384046772	-1.03434343434343	2.9245715751086	0.022928946836749
-0.744949494949495	1.49202181907899	0.01515893784688	-0.744949494949495	1.48975694678191	0.011740025751144	-0.744949494949495	1.47803767571083	0.026668070980376	-0.732142857142857	1.45362935362711	0.021138999274641	-1.02626262626263	2.88786867732958	0.025482875844093	-0.744949494949495	1.49249580621269	0.019436864443468	-1.02626262626263	2.89975353621306	0.025628022970816	-1.02626262626263	2.91230715378257	0.018139058979415	-1.02626262626263	2.93051629076407	0.023637542020717	-1.02626262626263	2.89900298411967	0.02428992147604
-0.727272727272727	1.43999927348512	0.01203096973746	-0.727272727272727	1.4317482052668	0.010478435408893	-0.727272727272727	1.42423444554993	0.012935600734796	-0.714285714285714	1.36608151844082	0.012086408593893	-1.01818181818182	2.85169065624508	0.019148501214785	-0.727272727272727	1.43785337448064	0.012297035658873	-1.01818181818182	2.84123863144871	0.022267903998661	-1.01818181818182	2.84855289841402	0.015902844013712	-1.01818181818182	2.82531344492529	0.022849902202651	-1.01818181818182	2.86844647725877	0.014044202085693
-0.70959595959596	1.4016328582987	0.018045025406812	-0.70959595959596	1.36810127919814	0.012330396497948	-0.70959595959596	1.36614237726548	0.015398403032187	-0.696428571428571	1.3579419080867	0.014040706222766	-1.01010101010101	2.82742041603432	0.021156450327594	-0.70959595959596	1.38196329188538	0.017677913303081	-1.01010101010101	2.76600688235758	0.019010811485339	-1.01010101010101	2.80233183800303	0.027195370145107	-1.01010101010101	2.78877358528314	0.021815547709413	-1.01010101010101	2.82179509478718	0.019377026550365
-0.691919191919192	1.31832528088631	0.008023540368898	-0.691919191919192	1.32639909139987	0.011569301354043	-0.691919191919192	1.31204417020452	0.017675631778569	-0.678571428571429	1.29461516903433	0.011887844701424	-1.0020202020202	2.76265301709647	0.019506031805147	-0.691919191919192	1.32443378835206	0.02036569437499	-1.0020202020202	2.75945716393359	0.018480998752221	-1.0020202020202	2.75466936519079	0.015548821835749	-1.0020202020202	2.72575415334019	0.012571767795157	-1.0020202020202	2.72437169552553	0.028431366136023
-0.674242424242424	1.28192854330402	0.013548831472787	-0.674242424242424	1.29182212024922	0.013158048770137	-0.674242424242424	1.28860765207606	0.010866538316409	-0.660714285714286	1.23968253845007	0.014719154174781	-0.993939393939394	2.7104038057813	0.02745554867772	-0.674242424242424	1.28272732378286	0.015027161022218	-0.993939393939394	2.67444106346925	0.021486230174887	-0.993939393939394	2.6906963638281	0.017236615418277	-0.993939393939394	2.69218280805671	0.022053668844192	-0.993939393939394	2.71225289666688	0.020525246649082
-0.656565656565657	1.23586354535443	0.012237173101969	-0.656565656565657	1.225848318525	0.016670548589638	-0.656565656565657	1.22366882504924	0.013438349539453	-0.642857142857143	1.19648419240421	0.015151340047773	-0.985858585858586	2.64509187759756	0.02656698820744	-0.656565656565657	1.23038676109134	0.012036519625919	-0.985858585858586	2.63935570097636	0.020324045519148	-0.985858585858586	2.61773626711123	0.019142466795175	-0.985858585858586	2.66468568327893	0.012706936673856	-0.985858585858586	2.65043794712406	0.014642899102559
-0.638888888888889	1.1865792918823	0.017470585441615	-0.638888888888889	1.21108049310256	0.012995666427795	-0.638888888888889	1.19517599211158	0.009905135429646	-0.625	1.17311611361448	0.01033783444961	-0.977777777777778	2.61728134384566	0.021806851255237	-0.638888888888889	1.18867714104221	0.014388360239262	-0.977777777777778	2.55679994404401	0.021708346028591	-0.977777777777778	2.6248431810142	0.02938926463195	-0.977777777777778	2.58595493713163	0.015237100969478	-0.977777777777778	2.59364357174862	0.022145569796193
-0.621212121212121	1.14231024313645	0.014780041875637	-0.621212121212121	1.14071921062768	0.01159713391998	-0.621212121212121	1.15157074181397	0.008914328225298	-0.607142857142857	1.12123127224757	0.011548328836859	-0.96969696969697	2.54522684258496	0.02755795286765	-0.621212121212121	1.15598741431058	0.011028552256754	-0.96969696969697	2.53247016572186	0.024939826614849	-0.96969696969697	2.55871434852955	0.025971397211456	-0.96969696969697	2.56411911287808	0.023422054643488	-0.96969696969697	2.55671549838856	0.021152142103446
-0.603535353535354	1.12038724154365	0.013434393576708	-0.603535353535354	1.10174387758653	0.01455842664872	-0.603535353535354	1.1055330987536	0.014638435005345	-0.589285714285714	1.08901462638539	0.013245703439331	-0.961616161616162	2.4905541555133	0.013395953595847	-0.603535353535354	1.10299731302654	0.012723031418302	-0.961616161616162	2.47368921007382	0.02144079601745	-0.961616161616162	2.46146498586191	0.025038736709276	-0.961616161616162	2.49626677234853	0.026340082320093	-0.961616161616162	2.480062024425	0.018229182829022
-0.585858585858586	1.08817411429143	0.014289524399634	-0.585858585858586	1.06627285739555	0.008244328313438	-0.585858585858586	1.07038860217586	0.008998335933646	-0.571428571428571	1.03897435753603	0.011319884744338	-0.953535353535353	2.4552973974826	0.022874989239593	-0.585858585858586	1.06409638805977	0.010733416517831	-0.953535353535353	2.4564779120481	0.019602523303469	-0.953535353535353	2.46793448144916	0.015154785334598	-0.953535353535353	2.47364722580756	0.018186512349274	-0.953535353535353	2.44581194594891	0.015847987856636
-0.568181818181818	1.04152007069647	0.012370007598385	-0.568181818181818	1.03249755579342	0.012016180838049	-0.568181818181818	1.02577032478155	0.008952343337528	-0.553571428571429	1.0165293241441	0.008547157561877	-0.945454545454546	2.39761922241192	0.019876339970951	-0.568181818181818	1.06702201075215	0.010405689145549	-0.945454545454546	2.40880253004061	0.024188934208951	-0.945454545454546	2.40978721990213	0.025702135918376	-0.945454545454546	2.39660677783109	0.018575039117381	-0.945454545454546	2.4021814755999	0.014968929801091
-0.550505050505051	1.01388608285608	0.00850646994447	-0.550505050505051	1.00309672101475	0.008595634201957	-0.550505050505051	0.99645126417802	0.006485377500474	-0.535714285714286	0.979561865173102	0.01029956745269	-0.937373737373737	2.35574481691087	0.019891845707315	-0.550505050505051	1.0125648311042	0.013569807088854	-0.937373737373737	2.34169816535191	0.019397017248435	-0.937373737373737	2.34598268137087	0.018477275226922	-0.937373737373737	2.35214893942329	0.022495459093615	-0.937373737373737	2.38321029264073	0.026140763791985
-0.532828282828283	0.985239387013322	0.016936279694954	-0.532828282828283	0.980354106361074	0.010422073554	-0.532828282828283	0.964038283917883	0.008529327502959	-0.517857142857143	0.956794230014726	0.007105696793432	-0.929292929292929	2.3213512033962	0.021766909246273	-0.532828282828283	0.979356378105801	0.00875285077738	-0.929292929292929	2.29980022232431	0.019266917338626	-0.929292929292929	2.31606894042313	0.021256848691871	-0.929292929292929	2.30556058306385	0.016365580502154	-0.929292929292929	2.32221232309822	0.016344990164934
-0.515151515151515	0.964458701610109	0.012071511681527	-0.515151515151515	0.953500602060454	0.009709058749217	-0.515151515151515	0.946751644994183	0.008393836750568	-0.5	0.919508023491286	0.009038811957827	-0.921212121212121	2.25988189125528	0.022948700130191	-0.515151515151515	0.949832648727699	0.01305295002511	-0.921212121212121	2.26171907929547	0.020460979067465	-0.921212121212121	2.25431774837119	0.016190051041349	-0.921212121212121	2.27828814080229	0.015782254013646	-0.921212121212121	2.27898710069283	0.021999390183188
-0.497474747474747	0.925272076342668	0.00917110283975	-0.497474747474747	0.90799384924867	0.012358516660326	-0.497474747474747	0.922162771251468	0.008402601153536	-0.482142857142857	0.908463038978731	0.013281813496133	-0.913131313131313	2.24647093156046	0.016724486881825	-0.497474747474747	0.911470649617792	0.007532231363207	-0.913131313131313	2.18679400983116	0.020879765933865	-0.913131313131313	2.20553761113105	0.018584705971214	-0.913131313131313	2.19749500148884	0.01833840374014	-0.913131313131313	2.20660610560718	0.014995194876978
-0.47979797979798	0.880889640422605	0.012608557717392	-0.47979797979798	0.889727323419503	0.010956764490429	-0.47979797979798	0.894080940083333	0.007787562929043	-0.464285714285714	0.87980670000364	0.009366550399521	-0.905050505050505	2.21072369467486	0.01803839411507	-0.47979797979798	0.884083210207539	0.007760714518622	-0.905050505050505	2.17653895867356	0.018883784086876	-0.905050505050505	2.16422147339185	0.016482719547941	-0.905050505050505	2.1724074186774	0.01432120129011	-0.905050505050505	2.17228831997335	0.016936824103664
-0.462121212121212	0.843762092215457	0.00978082226142	-0.462121212121212	0.874069157886734	0.007634038964544	-0.462121212121212	0.872433318623119	0.01029863596977	-0.446428571428571	0.834336149195955	0.007500524690458	-0.896969696969697	2.1432464548246	0.017755431803291	-0.462121212121212	0.87352027396053	0.010661958622453	-0.896969696969697	2.14559109629515	0.013122072576324	-0.896969696969697	2.14880337515838	0.020245687260306	-0.896969696969697	2.10870663128316	0.027179186782214	-0.896969696969697	2.15159113497684	0.018630599132221
-0.444444444444444	0.844411163190145	0.012516088411245	-0.444444444444444	0.848441590211813	0.009633965697858	-0.444444444444444	0.854613276882551	0.006759276185258	-0.428571428571429	0.830721200613222	0.006383681338936	-0.888888888888889	2.08902366877321	0.01827300408394	-0.444444444444444	0.844483115390571	0.006573871723582	-0.888888888888889	2.10522684158694	0.025716584262754	-0.888888888888889	2.09270128765673	0.020974349100583	-0.888888888888889	2.10565465117568	0.015668563888732	-0.888888888888889	2.09353842677481	0.018268424282313
-0.426767676767677	0.832184917415289	0.01010023107879	-0.426767676767677	0.817646454939217	0.00946726551012	-0.426767676767677	0.814334684262974	0.012319674828241	-0.410714285714286	0.786021836103403	0.007765376822136	-0.880808080808081	2.03811377583407	0.016777327607453	-0.426767676767677	0.813958839368951	0.008569649882157	-0.880808080808081	2.08186280028097	0.019396553509742	-0.880808080808081	2.08038871643313	0.016314457171207	-0.880808080808081	2.07576551849163	0.014472070613849	-0.880808080808081	2.04410591757999	0.013561722779564
-0.409090909090909	0.795366011675999	0.009244567738554	-0.409090909090909	0.803713488180445	0.0061835605367	-0.409090909090909	0.813895061989008	0.009507024654196	-0.392857142857143	0.771764176878223	0.00696239786819	-0.872727272727273	2.01827320877249	0.023497065710963	-0.409090909090909	0.791031713137324	0.007893179272092	-0.872727272727273	2.04436316045472	0.028148451778377	-0.872727272727273	1.98495016735151	0.018548667352343	-0.872727272727273	2.03446380676288	0.023514981336831	-0.872727272727273	1.99208084158545	0.012404398638231
-0.391414141414141	0.766933796520975	0.006937618627048	-0.391414141414141	0.768178188386073	0.007190888226001	-0.391414141414141	0.785245970853964	0.012897027031807	-0.375	0.763453601982782	0.00843096611881	-0.864646464646465	1.97157028359577	0.014284832094668	-0.391414141414141	0.77914229921802	0.012967283572178	-0.864646464646465	1.97577834647417	0.017438613941827	-0.864646464646465	1.95569705099572	0.014975203290803	-0.864646464646465	1.96824541478172	0.019064681991636	-0.864646464646465	1.96514448500236	0.017534944519263
-0.373737373737374	0.745732195271159	0.009708391431196	-0.373737373737374	0.757774298761284	0.006994435513473	-0.373737373737374	0.757004840496171	0.007866834554245	-0.357142857142857	0.731081518043081	0.00907069344929	-0.856565656565656	1.93611899294869	0.015000516400829	-0.373737373737374	0.755104411914756	0.008508609451773	-0.856565656565656	1.93471555866063	0.019299411670306	-0.856565656565656	1.92992382653452	0.019482549978765	-0.856565656565656	1.9356428078151	0.015932064475462	-0.856565656565656	1.95037502824047	0.013361557021124
-0.356060606060606	0.72099457438717	0.01057745098809	-0.356060606060606	0.730027529518961	0.008766164514684	-0.356060606060606	0.736129837032339	0.011199982647473	-0.339285714285714	0.712251956225575	0.007731478672825	-0.848484848484848	1.89020657617224	0.017471848240512	-0.356060606060606	0.724608514694994	0.007023832606957	-0.848484848484848	1.87795497146717	0.019042292783713	-0.848484848484848	1.89725107043458	0.018936989176186	-0.848484848484848	1.89790233885125	0.017362047444074	-0.848484848484848	1.88752812735441	0.021159071599509
-0.338383838383838	0.706357544521836	0.008706976651731	-0.338383838383838	0.723058520973739	0.008423918129712	-0.338383838383838	0.721377293330103	0.005945859702202	-0.321428571428571	0.701093858038636	0.006879243119526	-0.840404040404041	1.85979553061551	0.012180914436164	-0.338383838383838	0.723020758172401	0.007130954223935	-0.840404040404041	1.85905268947035	0.020213746505908	-0.840404040404041	1.86185389969246	0.01647383624157	-0.840404040404041	1.85801765862623	0.012289015355823	-0.840404040404041	1.85659699942992	0.013285486492906
-0.320707070707071	0.712665668899196	0.009122534871685	-0.320707070707071	0.698952012847371	0.005242028282748	-0.320707070707071	0.716189059424858	0.007516732344812	-0.303571428571429	0.682565131441703	0.006999040246453	-0.832323232323232	1.84081893538277	0.023201266039851	-0.320707070707071	0.693504072615208	0.004971973784831	-0.832323232323232	1.82664100016831	0.013557747993616	-0.832323232323232	1.82630589872648	0.016364452934497	-0.832323232323232	1.80332025934485	0.012967979546676	-0.832323232323232	1.80981044704923	0.020288726908764
-0.303030303030303	0.683154131578741	0.005605441494031	-0.303030303030303	0.675924115456233	0.008291549494777	-0.303030303030303	0.679380173367794	0.005266962110355	-0.285714285714286	0.671229134750405	0.008261494892399	-0.824242424242424	1.78500581475028	0.011568253033621	-0.303030303030303	0.682981628121149	0.007540931836197	-0.824242424242424	1.77734084132147	0.01830670570119	-0.824242424242424	1.7740612495006	0.018554737485533	-0.824242424242424	1.79916996924977	0.011191432426507	-0.824242424242424	1.7922261230903	0.01389547141592
-0.285353535353535	0.662381121846693	0.006054893089492	-0.285353535353535	0.666357134206924	0.011255678993058	-0.285353535353535	0.661631904922759	0.00752058524337	-0.267857142857143	0.655328385779571	0.005434456813282	-0.816161616161616	1.7432818519075	0.013625850862677	-0.285353535353535	0.654670990584971	0.003856305042049	-0.816161616161616	1.76468265481976	0.016142136071996	-0.816161616161616	1.74734944085883	0.018536032534192	-0.816161616161616	1.77361614501086	0.019643536896262	-0.816161616161616	1.73145196882163	0.016197264593551
-0.267676767676768	0.654217143920868	0.008599949657828	-0.267676767676768	0.637045376207855	0.006469507098886	-0.267676767676768	0.658942638451389	0.005270083664499	-0.25	0.632727076329017	0.006546573785879	-0.808080808080808	1.6954095157466	0.017584792637941	-0.267676767676768	0.65467197872477	0.007741371440525	-0.808080808080808	1.71871784966326	0.021193546464889	-0.808080808080808	1.72299909633727	0.016487477112145	-0.808080808080808	1.73003966150413	0.013900842911854	-0.808080808080808	1.74448420475157	0.015853118680609
-0.25	0.635063093483122	0.006039388485679	-0.25	0.629150832643372	0.007817448022724	-0.25	0.63536663235866	0.008442642847872				-0.8	1.68680039949352	0.016044471282956	-0.25	0.628474020759441	0.006680474737332	-0.8	1.70492059403547	0.02219246321528	-0.8	1.69039570952082	0.014578271937488	-0.8	1.68885613765918	0.022841168948682	-0.8	1.68977438239824	0.015108773644526
